0 0   123 159 139
0 1   204 187 125
0 2   133 97 80
0 3   116 106 109
0 4   141 125 117
0 5   153 148 125
0 6   139 75 33
0 7   0 0 0
0 8   0 0 0
0 9   0 0 0
0 10   0 0 0
0 11   0 0 0
0 12   0 0 0
0 13   0 0 0
0 14   0 0 0
0 15   0 0 0
0 16   0 0 0
0 17   0 0 0
0 18   0 0 0
0 19   0 0 0
0 20   0 0 0
0 21   0 0 0
0 22   0 0 0
0 23   0 0 0
0 24   0 0 0
0 25   0 0 0
0 26   0 0 0
0 27   0 0 0
0 28   0 0 0
0 29   0 0 0
1 0   163 99 72
1 1   177 144 134
1 2   228 218 207
1 3   68 61 62
1 4   195 171 114
1 5   77 97 54
1 6   187 168 145
1 7   0 0 0
1 8   0 0 0
1 9   0 0 0
1 10   0 0 0
1 11   0 0 0
1 12   0 0 0
1 13   0 0 0
1 14   0 0 0
1 15   0 0 0
1 16   0 0 0
1 17   0 0 0
1 18   0 0 0
1 19   0 0 0
1 20   0 0 0
1 21   0 0 0
1 22   0 0 0
1 23   0 0 0
1 24   0 0 0
1 25   0 0 0
1 26   0 0 0
1 27   0 0 0
1 28   0 0 0
1 29   0 0 0
2 0   144 123 114
2 1   124 88 83
2 2   85 119 87
2 3   111 90 82
2 4   169 153 140
2 5   168 168 167
2 6   168 175 171
2 7   0 0 0
2 8   0 0 0
2 9   0 0 0
2 10   0 0 0
2 11   0 0 0
2 12   0 0 0
2 13   0 0 0
2 14   0 0 0
2 15   0 0 0
2 16   0 0 0
2 17   0 0 0
2 18   0 0 0
2 19   0 0 0
2 20   0 0 0
2 21   0 0 0
2 22   0 0 0
2 23   0 0 0
2 24   0 0 0
2 25   0 0 0
2 26   0 0 0
2 27   0 0 0
2 28   0 0 0
2 29   0 0 0
3 0   118 112 96
3 1   137 119 109
3 2   69 99 107
3 3   131 103 90
3 4   65 23 14
3 5   212 212 212
3 6   117 95 77
3 7   0 0 0
3 8   0 0 0
3 9   0 0 0
3 10   0 0 0
3 11   0 0 0
3 12   0 0 0
3 13   0 0 0
3 14   0 0 0
3 15   0 0 0
3 16   0 0 0
3 17   0 0 0
3 18   0 0 0
3 19   0 0 0
3 20   0 0 0
3 21   0 0 0
3 22   0 0 0
3 23   0 0 0
3 24   0 0 0
3 25   0 0 0
3 26   0 0 0
3 27   0 0 0
3 28   0 0 0
3 29   0 0 0
4 0   115 101 93
4 1   101 89 81
4 2   89 50 88
4 3   124 118 108
4 4   197 203 166
4 5   129 152 140
4 6   117 107 103
4 7   0 0 0
4 8   0 0 0
4 9   0 0 0
4 10   0 0 0
4 11   0 0 0
4 12   0 0 0
4 13   0 0 0
4 14   0 0 0
4 15   0 0 0
4 16   0 0 0
4 17   0 0 0
4 18   0 0 0
4 19   0 0 0
4 20   0 0 0
4 21   0 0 0
4 22   0 0 0
4 23   0 0 0
4 24   0 0 0
4 25   0 0 0
4 26   0 0 0
4 27   0 0 0
4 28   0 0 0
4 29   0 0 0
5 0   127 60 20
5 1   51 45 49
5 2   147 82 65
5 3   91 90 105
5 4   36 23 28
5 5   54 56 116
5 6   53 57 60
5 7   0 0 0
5 8   0 0 0
5 9   0 0 0
5 10   0 0 0
5 11   0 0 0
5 12   0 0 0
5 13   0 0 0
5 14   0 0 0
5 15   0 0 0
5 16   0 0 0
5 17   0 0 0
5 18   0 0 0
5 19   0 0 0
5 20   0 0 0
5 21   0 0 0
5 22   0 0 0
5 23   0 0 0
5 24   0 0 0
5 25   0 0 0
5 26   0 0 0
5 27   0 0 0
5 28   0 0 0
5 29   0 0 0
6 0   0 0 0
6 1   0 0 0
6 2   0 0 0
6 3   0 0 0
6 4   0 0 0
6 5   0 0 0
6 6   0 0 0
6 7   0 0 0
6 8   0 0 0
6 9   0 0 0
6 10   0 0 0
6 11   0 0 0
6 12   0 0 0
6 13   0 0 0
6 14   0 0 0
6 15   0 0 0
6 16   0 0 0
6 17   0 0 0
6 18   0 0 0
6 19   0 0 0
6 20   0 0 0
6 21   0 0 0
6 22   0 0 0
6 23   0 0 0
6 24   0 0 0
6 25   0 0 0
6 26   0 0 0
6 27   0 0 0
6 28   0 0 0
6 29   0 0 0
7 0   0 0 0
7 1   0 0 0
7 2   0 0 0
7 3   0 0 0
7 4   0 0 0
7 5   0 0 0
7 6   0 0 0
7 7   0 0 0
7 8   0 0 0
7 9   0 0 0
7 10   0 0 0
7 11   0 0 0
7 12   0 0 0
7 13   0 0 0
7 14   0 0 0
7 15   0 0 0
7 16   0 0 0
7 17   0 0 0
7 18   0 0 0
7 19   0 0 0
7 20   0 0 0
7 21   0 0 0
7 22   0 0 0
7 23   0 0 0
7 24   0 0 0
7 25   0 0 0
7 26   0 0 0
7 27   0 0 0
7 28   0 0 0
7 29   0 0 0
8 0   0 0 0
8 1   0 0 0
8 2   0 0 0
8 3   0 0 0
8 4   0 0 0
8 5   0 0 0
8 6   0 0 0
8 7   0 0 0
8 8   0 0 0
8 9   0 0 0
8 10   0 0 0
8 11   0 0 0
8 12   0 0 0
8 13   0 0 0
8 14   0 0 0
8 15   0 0 0
8 16   0 0 0
8 17   0 0 0
8 18   0 0 0
8 19   0 0 0
8 20   0 0 0
8 21   0 0 0
8 22   0 0 0
8 23   0 0 0
8 24   0 0 0
8 25   0 0 0
8 26   0 0 0
8 27   0 0 0
8 28   0 0 0
8 29   0 0 0
9 0   0 0 0
9 1   0 0 0
9 2   0 0 0
9 3   0 0 0
9 4   0 0 0
9 5   0 0 0
9 6   0 0 0
9 7   0 0 0
9 8   0 0 0
9 9   0 0 0
9 10   0 0 0
9 11   0 0 0
9 12   0 0 0
9 13   0 0 0
9 14   0 0 0
9 15   0 0 0
9 16   0 0 0
9 17   0 0 0
9 18   0 0 0
9 19   0 0 0
9 20   0 0 0
9 21   0 0 0
9 22   0 0 0
9 23   0 0 0
9 24   0 0 0
9 25   0 0 0
9 26   0 0 0
9 27   0 0 0
9 28   0 0 0
9 29   0 0 0
10 0   0 0 0
10 1   0 0 0
10 2   0 0 0
10 3   0 0 0
10 4   0 0 0
10 5   0 0 0
10 6   0 0 0
10 7   0 0 0
10 8   0 0 0
10 9   0 0 0
10 10   0 0 0
10 11   0 0 0
10 12   0 0 0
10 13   0 0 0
10 14   0 0 0
10 15   0 0 0
10 16   0 0 0
10 17   0 0 0
10 18   0 0 0
10 19   0 0 0
10 20   0 0 0
10 21   0 0 0
10 22   0 0 0
10 23   0 0 0
10 24   0 0 0
10 25   0 0 0
10 26   0 0 0
10 27   0 0 0
10 28   0 0 0
10 29   0 0 0
11 0   0 0 0
11 1   0 0 0
11 2   0 0 0
11 3   0 0 0
11 4   0 0 0
11 5   0 0 0
11 6   0 0 0
11 7   0 0 0
11 8   0 0 0
11 9   0 0 0
11 10   0 0 0
11 11   0 0 0
11 12   0 0 0
11 13   0 0 0
11 14   0 0 0
11 15   0 0 0
11 16   0 0 0
11 17   0 0 0
11 18   0 0 0
11 19   0 0 0
11 20   0 0 0
11 21   0 0 0
11 22   0 0 0
11 23   0 0 0
11 24   0 0 0
11 25   0 0 0
11 26   0 0 0
11 27   0 0 0
11 28   0 0 0
11 29   0 0 0
12 0   0 0 0
12 1   0 0 0
12 2   0 0 0
12 3   0 0 0
12 4   0 0 0
12 5   0 0 0
12 6   0 0 0
12 7   0 0 0
12 8   0 0 0
12 9   0 0 0
12 10   0 0 0
12 11   0 0 0
12 12   0 0 0
12 13   0 0 0
12 14   0 0 0
12 15   0 0 0
12 16   0 0 0
12 17   0 0 0
12 18   0 0 0
12 19   0 0 0
12 20   0 0 0
12 21   0 0 0
12 22   0 0 0
12 23   0 0 0
12 24   0 0 0
12 25   0 0 0
12 26   0 0 0
12 27   0 0 0
12 28   0 0 0
12 29   0 0 0
13 0   0 0 0
13 1   0 0 0
13 2   0 0 0
13 3   0 0 0
13 4   0 0 0
13 5   0 0 0
13 6   0 0 0
13 7   0 0 0
13 8   0 0 0
13 9   0 0 0
13 10   0 0 0
13 11   0 0 0
13 12   0 0 0
13 13   0 0 0
13 14   0 0 0
13 15   0 0 0
13 16   0 0 0
13 17   0 0 0
13 18   0 0 0
13 19   0 0 0
13 20   0 0 0
13 21   0 0 0
13 22   0 0 0
13 23   0 0 0
13 24   0 0 0
13 25   0 0 0
13 26   0 0 0
13 27   0 0 0
13 28   0 0 0
13 29   0 0 0
14 0   0 0 0
14 1   0 0 0
14 2   0 0 0
14 3   0 0 0
14 4   0 0 0
14 5   0 0 0
14 6   0 0 0
14 7   0 0 0
14 8   0 0 0
14 9   0 0 0
14 10   0 0 0
14 11   0 0 0
14 12   0 0 0
14 13   0 0 0
14 14   0 0 0
14 15   0 0 0
14 16   0 0 0
14 17   0 0 0
14 18   0 0 0
14 19   0 0 0
14 20   0 0 0
14 21   0 0 0
14 22   0 0 0
14 23   0 0 0
14 24   0 0 0
14 25   0 0 0
14 26   0 0 0
14 27   0 0 0
14 28   0 0 0
14 29   0 0 0
15 0   0 0 0
15 1   0 0 0
15 2   0 0 0
15 3   0 0 0
15 4   0 0 0
15 5   0 0 0
15 6   0 0 0
15 7   0 0 0
15 8   0 0 0
15 9   0 0 0
15 10   0 0 0
15 11   0 0 0
15 12   0 0 0
15 13   0 0 0
15 14   0 0 0
15 15   0 0 0
15 16   0 0 0
15 17   0 0 0
15 18   0 0 0
15 19   0 0 0
15 20   0 0 0
15 21   0 0 0
15 22   0 0 0
15 23   0 0 0
15 24   0 0 0
15 25   0 0 0
15 26   0 0 0
15 27   0 0 0
15 28   0 0 0
15 29   0 0 0
16 0   0 0 0
16 1   0 0 0
16 2   0 0 0
16 3   0 0 0
16 4   0 0 0
16 5   0 0 0
16 6   0 0 0
16 7   0 0 0
16 8   0 0 0
16 9   0 0 0
16 10   0 0 0
16 11   0 0 0
16 12   0 0 0
16 13   0 0 0
16 14   0 0 0
16 15   0 0 0
16 16   0 0 0
16 17   0 0 0
16 18   0 0 0
16 19   0 0 0
16 20   0 0 0
16 21   0 0 0
16 22   0 0 0
16 23   0 0 0
16 24   0 0 0
16 25   0 0 0
16 26   0 0 0
16 27   0 0 0
16 28   0 0 0
16 29   0 0 0
17 0   0 0 0
17 1   0 0 0
17 2   0 0 0
17 3   0 0 0
17 4   0 0 0
17 5   0 0 0
17 6   0 0 0
17 7   0 0 0
17 8   0 0 0
17 9   0 0 0
17 10   0 0 0
17 11   0 0 0
17 12   0 0 0
17 13   0 0 0
17 14   0 0 0
17 15   0 0 0
17 16   0 0 0
17 17   0 0 0
17 18   0 0 0
17 19   0 0 0
17 20   0 0 0
17 21   0 0 0
17 22   0 0 0
17 23   0 0 0
17 24   0 0 0
17 25   0 0 0
17 26   0 0 0
17 27   0 0 0
17 28   0 0 0
17 29   0 0 0
18 0   0 0 0
18 1   0 0 0
18 2   0 0 0
18 3   0 0 0
18 4   0 0 0
18 5   0 0 0
18 6   0 0 0
18 7   0 0 0
18 8   0 0 0
18 9   0 0 0
18 10   0 0 0
18 11   0 0 0
18 12   0 0 0
18 13   0 0 0
18 14   0 0 0
18 15   0 0 0
18 16   0 0 0
18 17   0 0 0
18 18   0 0 0
18 19   0 0 0
18 20   0 0 0
18 21   0 0 0
18 22   0 0 0
18 23   0 0 0
18 24   0 0 0
18 25   0 0 0
18 26   0 0 0
18 27   0 0 0
18 28   0 0 0
18 29   0 0 0
19 0   0 0 0
19 1   0 0 0
19 2   0 0 0
19 3   0 0 0
19 4   0 0 0
19 5   0 0 0
19 6   0 0 0
19 7   0 0 0
19 8   0 0 0
19 9   0 0 0
19 10   0 0 0
19 11   0 0 0
19 12   0 0 0
19 13   0 0 0
19 14   0 0 0
19 15   0 0 0
19 16   0 0 0
19 17   0 0 0
19 18   0 0 0
19 19   0 0 0
19 20   0 0 0
19 21   0 0 0
19 22   0 0 0
19 23   0 0 0
19 24   0 0 0
19 25   0 0 0
19 26   0 0 0
19 27   0 0 0
19 28   0 0 0
19 29   0 0 0
20 0   0 0 0
20 1   0 0 0
20 2   0 0 0
20 3   0 0 0
20 4   0 0 0
20 5   0 0 0
20 6   0 0 0
20 7   0 0 0
20 8   0 0 0
20 9   0 0 0
20 10   0 0 0
20 11   0 0 0
20 12   0 0 0
20 13   0 0 0
20 14   0 0 0
20 15   0 0 0
20 16   0 0 0
20 17   0 0 0
20 18   0 0 0
20 19   0 0 0
20 20   0 0 0
20 21   0 0 0
20 22   0 0 0
20 23   0 0 0
20 24   0 0 0
20 25   0 0 0
20 26   0 0 0
20 27   0 0 0
20 28   0 0 0
20 29   0 0 0
21 0   0 0 0
21 1   0 0 0
21 2   0 0 0
21 3   0 0 0
21 4   0 0 0
21 5   0 0 0
21 6   0 0 0
21 7   0 0 0
21 8   0 0 0
21 9   0 0 0
21 10   0 0 0
21 11   0 0 0
21 12   0 0 0
21 13   0 0 0
21 14   0 0 0
21 15   0 0 0
21 16   0 0 0
21 17   0 0 0
21 18   0 0 0
21 19   0 0 0
21 20   0 0 0
21 21   0 0 0
21 22   0 0 0
21 23   0 0 0
21 24   0 0 0
21 25   0 0 0
21 26   0 0 0
21 27   0 0 0
21 28   0 0 0
21 29   0 0 0
22 0   0 0 0
22 1   0 0 0
22 2   0 0 0
22 3   0 0 0
22 4   0 0 0
22 5   0 0 0
22 6   0 0 0
22 7   0 0 0
22 8   0 0 0
22 9   0 0 0
22 10   0 0 0
22 11   0 0 0
22 12   0 0 0
22 13   0 0 0
22 14   0 0 0
22 15   0 0 0
22 16   0 0 0
22 17   0 0 0
22 18   0 0 0
22 19   0 0 0
22 20   0 0 0
22 21   0 0 0
22 22   0 0 0
22 23   0 0 0
22 24   0 0 0
22 25   0 0 0
22 26   0 0 0
22 27   0 0 0
22 28   0 0 0
22 29   0 0 0
23 0   0 0 0
23 1   0 0 0
23 2   0 0 0
23 3   0 0 0
23 4   0 0 0
23 5   0 0 0
23 6   0 0 0
23 7   0 0 0
23 8   0 0 0
23 9   0 0 0
23 10   0 0 0
23 11   0 0 0
23 12   0 0 0
23 13   0 0 0
23 14   0 0 0
23 15   0 0 0
23 16   0 0 0
23 17   0 0 0
23 18   0 0 0
23 19   0 0 0
23 20   0 0 0
23 21   0 0 0
23 22   0 0 0
23 23   0 0 0
23 24   0 0 0
23 25   0 0 0
23 26   0 0 0
23 27   0 0 0
23 28   0 0 0
23 29   0 0 0
# 50 50